function K = LQR_K(L0)
%LQR_K
%    K = LQR_K(L0)

%    This function was generated by the Symbolic Math Toolbox version 24.1.
%    2025-03-05 21:24:33

t2 = L0.^2;
t3 = L0.^3;
mt1 = [L0.*(-2.427628354347717e+2)+t2.*4.061539403509515e+2-t3.*3.229424685842097e+2+6.008180203994242];
mt2 = [L0.*5.996675892945463e+1-t2.*1.036097767864132e+2+t3.*4.60470578121287e+1+5.551514936473291e-1];
mt3 = [L0.*(-4.676774552612061e+1)+t2.*7.104007131378509e+1-t3.*6.773587361056065e+1+2.21106936812415];
mt4 = [L0.*7.475270844714053-t2.*1.177309802001883e+1+t3.*1.14130674231425e-1-3.488785623168389e-1];
mt5 = [L0.*(-3.83906843399658e+1)+t2.*1.221824238845251e+2-t3.*1.265457423170194e+2-1.156960102585481e+1];
mt6 = [L0.*(-2.502267727559633e+1)+t2.*5.481556820140811e+1-t3.*5.154175563343282e+1+6.481277960033128];
mt7 = [L0.*(-5.213440215227754e+1)+t2.*1.53043686775823e+2-t3.*1.587354903288927e+2-8.621132449084888];
mt8 = [L0.*(-9.499477924916272)+t2.*1.471384646885922e+1-t3.*1.493853400752223e+1+3.779925149617288];
mt9 = [L0.*(-4.440869309553941e+1)+t2.*1.244141445300984e+1+t3.*3.594367433517233e+1+2.747762312875447e+1];
mt10 = [L0.*3.732500839227342e+1-t2.*6.63404673423785e+1+t3.*4.881590113364689e+1+2.084595895572551e+1];
mt11 = [L0.*2.045820349740904-t2.*2.448671057726554e+1+t3.*3.401675474784542e+1+4.232393812645321];
mt12 = [L0.*5.17801096749758-t2.*6.569661480839209+t3.*3.013298698927095+1.824610902203732];
K = reshape([mt1,mt2,mt3,mt4,mt5,mt6,mt7,mt8,mt9,mt10,mt11,mt12],2,6);
end
